0001000000000101
0001000010000110
0001100000101111
0010100000000111
0000000000000001
0010000100001000
0001000000000101
0001000010000110
0001100000101111
0010100000000111
0000000000000001
0010000100001000
0001000010000100
0001000100000100
0111000000001010
0001100000011111
0001001000000001
0111000000011100
1110100000000111
0001000010000100
0001000100000100
0111000000001010
0001100000011111
0001001000000001
0111000000011100
1110100000000111
1101000000000000
0001000010000100
0001000100000100
0111000000001010
0001100000011111
0001001000000001
0111000000011100
1110100000000111
1101000000000000
0001000010000100
0001000100000100
0111000000001010
0001100000011111
0001001000000001
0111000000011100
1110100000000111
1101000000000000
0001000010000100
0001000100000100
0111000000001010
0001100000011111
0001001000000001
0111000000011100
1110100000000111
1101000000000000
0001000010000100
0001000100000100
0111000000001010
0001100000011111
0001001000000001
0111000000011100
1110100000000111
1101000000000000
0001000010000100
0001000100000100
0111000000001010
0001000010000100
0001000100000100
0111000000001010
0001100000011111
0001001000000001
0111000000011100
1110100000000111
1101000000000000
